# Waves Seagulls;

pd dsp 1;
filename ../../snd/ssamples/crackling-fire.aif;
granulator 0;

0
granulator 20 44 0 500 0 1 0 0 1 3000;

3000
granulator 18 929.488 0 1.71004 0 0.727165 12 12 2.12598 3000;

3000
granulator 15 51.8512 0 534.821 0 0.922047 -6.23622 0 1.70866 3000;

3000
granulator 13 111.473 30 999.89 0.446457 0.734961 -3.00094 8.7874 1 3000;

3000
granulator 16 44.1732 30 3343.61 0.267717 0.095748 -12 11.811 8.18898 3000;

3000
granulator 20 968.505 299.213 2.86023 0 0.0489764 0 5.19685 1 3000;

3000
granulator 9 57.8055 78.7402 130.788 0 0.282835 0.00755905 0 3.99213 3000;

3000
granulator 15 51.8512 0 534.821 0 0.922047 -6.23622 12 1.70866 3000;

3000
granulator 16 36.1819 330.709 34.2021 0 0.111339 -5.66929 0 1 3000;

3000
granulator 4 20.6693 62.9921 130.788 0 0.594646 -8.7874 12 0 3000;

3000
rec-end 0;
