# Auerhahn;

pd dsp 0;
filename ../../../snd/samples/auerhahn.aif;
cue Cue_0; granulator 0;

10
pd dsp 1;
cue Cue_1; granulator 6 945.001 299.213 3.05862 0 0.657008 0 11.9055 1 3000;

16000
cue Cue_2; granulator 20 44 0 500 0 1 0 0 1 3000;

6000
cue Cue_3; granulator 18 929.488 0 1.71004 0 0.727165 12 12 2.12598 8000;

12000
cue Cue_4; granulator 15 51.8512 0 534.821 0 0.922047 -6.23622 0 1.70866 12000;

16000
cue Cue_5; granulator 13 111.473 30 999.89 0.446457 0.734961 -3.00094 8.7874 1 5000;

10000
cue Cue_6; granulator 16 44.1732 30 3343.61 0.267717 0.095748 -12 11.811 8.18898 10000;

10000
cue Cue_7; granulator 20 968.505 299.213 2.86023 0 0.0489764 0 5.19685 1 3000;

10000
cue Cue_8; granulator 9 57.8055 78.7402 130.788 0 0.282835 0.00755905 0 3.99213 5000;

10000
cue Cue_9; granulator 15 51.8512 0 534.821 0 0.922047 -6.23622 12 1.70866 12000;

10000
cue Cue_10; granulator 16 36.1819 330.709 34.2021 0 0.111339 -5.66929 0 1 6000;

20000
cue Stop; granulator 0; rec-end 0;