# Waves Seagulls

pd dsp 0;
filename ../../snd/ssamples/ocean-seagulls.aif;

0
granulator 15 858.976 39.3701 5000 0 0.298425 -12 12 2.12598 3000;

6000
granulator 18 929.488 0 1.71004 0 0.727165 12 12 2.12598 3000;

10000
granulator 16 44.1732 30 3343.61 0.267717 0.095748 -12 11.811 8.18898 3000;

10000
granulator 20 968.505 299.213 2.86023 0 0.0489764 0 5.19685 1 3000;

10000
granulator 9 57.8055 78.7402 130.788 0 0.282835 0.00755905 0 3.99213 3000;

10000
granulator 4 20.6693 62.9921 130.788 0 0.594646 -8.7874 12 0 3000;

20000
granulator 0;